{
 "cells": [
  {
   "cell_type": "code",
   "execution_count": 1,
   "metadata": {},
   "outputs": [],
   "source": [
    "import pandas as pd"
   ]
  },
  {
   "cell_type": "code",
   "execution_count": 2,
   "metadata": {},
   "outputs": [
    {
     "data": {
      "text/html": [
       "<div>\n",
       "<style scoped>\n",
       "    .dataframe tbody tr th:only-of-type {\n",
       "        vertical-align: middle;\n",
       "    }\n",
       "\n",
       "    .dataframe tbody tr th {\n",
       "        vertical-align: top;\n",
       "    }\n",
       "\n",
       "    .dataframe thead th {\n",
       "        text-align: right;\n",
       "    }\n",
       "</style>\n",
       "<table border=\"1\" class=\"dataframe\">\n",
       "  <thead>\n",
       "    <tr style=\"text-align: right;\">\n",
       "      <th></th>\n",
       "      <th>PassengerId</th>\n",
       "      <th>Survived</th>\n",
       "      <th>Pclass</th>\n",
       "      <th>Name</th>\n",
       "      <th>Sex</th>\n",
       "      <th>Age</th>\n",
       "      <th>SibSp</th>\n",
       "      <th>Parch</th>\n",
       "      <th>Ticket</th>\n",
       "      <th>Fare</th>\n",
       "      <th>Cabin</th>\n",
       "      <th>Embarked</th>\n",
       "    </tr>\n",
       "  </thead>\n",
       "  <tbody>\n",
       "    <tr>\n",
       "      <th>794</th>\n",
       "      <td>795</td>\n",
       "      <td>0</td>\n",
       "      <td>3</td>\n",
       "      <td>Dantcheff, Mr. Ristiu</td>\n",
       "      <td>male</td>\n",
       "      <td>25.0</td>\n",
       "      <td>0</td>\n",
       "      <td>0</td>\n",
       "      <td>349203</td>\n",
       "      <td>7.8958</td>\n",
       "      <td>NaN</td>\n",
       "      <td>S</td>\n",
       "    </tr>\n",
       "    <tr>\n",
       "      <th>133</th>\n",
       "      <td>134</td>\n",
       "      <td>1</td>\n",
       "      <td>2</td>\n",
       "      <td>Weisz, Mrs. Leopold (Mathilde Francoise Pede)</td>\n",
       "      <td>female</td>\n",
       "      <td>29.0</td>\n",
       "      <td>1</td>\n",
       "      <td>0</td>\n",
       "      <td>228414</td>\n",
       "      <td>26.0000</td>\n",
       "      <td>NaN</td>\n",
       "      <td>S</td>\n",
       "    </tr>\n",
       "    <tr>\n",
       "      <th>261</th>\n",
       "      <td>262</td>\n",
       "      <td>1</td>\n",
       "      <td>3</td>\n",
       "      <td>Asplund, Master. Edvin Rojj Felix</td>\n",
       "      <td>male</td>\n",
       "      <td>3.0</td>\n",
       "      <td>4</td>\n",
       "      <td>2</td>\n",
       "      <td>347077</td>\n",
       "      <td>31.3875</td>\n",
       "      <td>NaN</td>\n",
       "      <td>S</td>\n",
       "    </tr>\n",
       "    <tr>\n",
       "      <th>586</th>\n",
       "      <td>587</td>\n",
       "      <td>0</td>\n",
       "      <td>2</td>\n",
       "      <td>Jarvis, Mr. John Denzil</td>\n",
       "      <td>male</td>\n",
       "      <td>47.0</td>\n",
       "      <td>0</td>\n",
       "      <td>0</td>\n",
       "      <td>237565</td>\n",
       "      <td>15.0000</td>\n",
       "      <td>NaN</td>\n",
       "      <td>S</td>\n",
       "    </tr>\n",
       "    <tr>\n",
       "      <th>758</th>\n",
       "      <td>759</td>\n",
       "      <td>0</td>\n",
       "      <td>3</td>\n",
       "      <td>Theobald, Mr. Thomas Leonard</td>\n",
       "      <td>male</td>\n",
       "      <td>34.0</td>\n",
       "      <td>0</td>\n",
       "      <td>0</td>\n",
       "      <td>363294</td>\n",
       "      <td>8.0500</td>\n",
       "      <td>NaN</td>\n",
       "      <td>S</td>\n",
       "    </tr>\n",
       "  </tbody>\n",
       "</table>\n",
       "</div>"
      ],
      "text/plain": [
       "     PassengerId  Survived  Pclass  \\\n",
       "794          795         0       3   \n",
       "133          134         1       2   \n",
       "261          262         1       3   \n",
       "586          587         0       2   \n",
       "758          759         0       3   \n",
       "\n",
       "                                              Name     Sex   Age  SibSp  \\\n",
       "794                          Dantcheff, Mr. Ristiu    male  25.0      0   \n",
       "133  Weisz, Mrs. Leopold (Mathilde Francoise Pede)  female  29.0      1   \n",
       "261              Asplund, Master. Edvin Rojj Felix    male   3.0      4   \n",
       "586                        Jarvis, Mr. John Denzil    male  47.0      0   \n",
       "758                   Theobald, Mr. Thomas Leonard    male  34.0      0   \n",
       "\n",
       "     Parch  Ticket     Fare Cabin Embarked  \n",
       "794      0  349203   7.8958   NaN        S  \n",
       "133      0  228414  26.0000   NaN        S  \n",
       "261      2  347077  31.3875   NaN        S  \n",
       "586      0  237565  15.0000   NaN        S  \n",
       "758      0  363294   8.0500   NaN        S  "
      ]
     },
     "execution_count": 2,
     "metadata": {},
     "output_type": "execute_result"
    }
   ],
   "source": [
    "df = pd.read_csv('./data/titanic.csv')\n",
    "df.sample(5)"
   ]
  },
  {
   "cell_type": "code",
   "execution_count": 3,
   "metadata": {},
   "outputs": [
    {
     "data": {
      "text/html": [
       "<div>\n",
       "<style scoped>\n",
       "    .dataframe tbody tr th:only-of-type {\n",
       "        vertical-align: middle;\n",
       "    }\n",
       "\n",
       "    .dataframe tbody tr th {\n",
       "        vertical-align: top;\n",
       "    }\n",
       "\n",
       "    .dataframe thead th {\n",
       "        text-align: right;\n",
       "    }\n",
       "</style>\n",
       "<table border=\"1\" class=\"dataframe\">\n",
       "  <thead>\n",
       "    <tr style=\"text-align: right;\">\n",
       "      <th></th>\n",
       "      <th>PassengerId</th>\n",
       "      <th>Survived</th>\n",
       "      <th>Pclass</th>\n",
       "      <th>Age</th>\n",
       "      <th>SibSp</th>\n",
       "      <th>Parch</th>\n",
       "      <th>Fare</th>\n",
       "    </tr>\n",
       "  </thead>\n",
       "  <tbody>\n",
       "    <tr>\n",
       "      <th>PassengerId</th>\n",
       "      <td>66231.000000</td>\n",
       "      <td>-0.626966</td>\n",
       "      <td>-7.561798</td>\n",
       "      <td>138.696504</td>\n",
       "      <td>-16.325843</td>\n",
       "      <td>-0.342697</td>\n",
       "      <td>161.883369</td>\n",
       "    </tr>\n",
       "    <tr>\n",
       "      <th>Survived</th>\n",
       "      <td>-0.626966</td>\n",
       "      <td>0.236772</td>\n",
       "      <td>-0.137703</td>\n",
       "      <td>-0.551296</td>\n",
       "      <td>-0.018954</td>\n",
       "      <td>0.032017</td>\n",
       "      <td>6.221787</td>\n",
       "    </tr>\n",
       "    <tr>\n",
       "      <th>Pclass</th>\n",
       "      <td>-7.561798</td>\n",
       "      <td>-0.137703</td>\n",
       "      <td>0.699015</td>\n",
       "      <td>-4.496004</td>\n",
       "      <td>0.076599</td>\n",
       "      <td>0.012429</td>\n",
       "      <td>-22.830196</td>\n",
       "    </tr>\n",
       "    <tr>\n",
       "      <th>Age</th>\n",
       "      <td>138.696504</td>\n",
       "      <td>-0.551296</td>\n",
       "      <td>-4.496004</td>\n",
       "      <td>211.019125</td>\n",
       "      <td>-4.163334</td>\n",
       "      <td>-2.344191</td>\n",
       "      <td>73.849030</td>\n",
       "    </tr>\n",
       "    <tr>\n",
       "      <th>SibSp</th>\n",
       "      <td>-16.325843</td>\n",
       "      <td>-0.018954</td>\n",
       "      <td>0.076599</td>\n",
       "      <td>-4.163334</td>\n",
       "      <td>1.216043</td>\n",
       "      <td>0.368739</td>\n",
       "      <td>8.748734</td>\n",
       "    </tr>\n",
       "    <tr>\n",
       "      <th>Parch</th>\n",
       "      <td>-0.342697</td>\n",
       "      <td>0.032017</td>\n",
       "      <td>0.012429</td>\n",
       "      <td>-2.344191</td>\n",
       "      <td>0.368739</td>\n",
       "      <td>0.649728</td>\n",
       "      <td>8.661052</td>\n",
       "    </tr>\n",
       "    <tr>\n",
       "      <th>Fare</th>\n",
       "      <td>161.883369</td>\n",
       "      <td>6.221787</td>\n",
       "      <td>-22.830196</td>\n",
       "      <td>73.849030</td>\n",
       "      <td>8.748734</td>\n",
       "      <td>8.661052</td>\n",
       "      <td>2469.436846</td>\n",
       "    </tr>\n",
       "  </tbody>\n",
       "</table>\n",
       "</div>"
      ],
      "text/plain": [
       "              PassengerId  Survived     Pclass         Age      SibSp  \\\n",
       "PassengerId  66231.000000 -0.626966  -7.561798  138.696504 -16.325843   \n",
       "Survived        -0.626966  0.236772  -0.137703   -0.551296  -0.018954   \n",
       "Pclass          -7.561798 -0.137703   0.699015   -4.496004   0.076599   \n",
       "Age            138.696504 -0.551296  -4.496004  211.019125  -4.163334   \n",
       "SibSp          -16.325843 -0.018954   0.076599   -4.163334   1.216043   \n",
       "Parch           -0.342697  0.032017   0.012429   -2.344191   0.368739   \n",
       "Fare           161.883369  6.221787 -22.830196   73.849030   8.748734   \n",
       "\n",
       "                Parch         Fare  \n",
       "PassengerId -0.342697   161.883369  \n",
       "Survived     0.032017     6.221787  \n",
       "Pclass       0.012429   -22.830196  \n",
       "Age         -2.344191    73.849030  \n",
       "SibSp        0.368739     8.748734  \n",
       "Parch        0.649728     8.661052  \n",
       "Fare         8.661052  2469.436846  "
      ]
     },
     "execution_count": 3,
     "metadata": {},
     "output_type": "execute_result"
    }
   ],
   "source": [
    "# 计算协方差矩阵\n",
    "df.cov()"
   ]
  },
  {
   "cell_type": "code",
   "execution_count": 4,
   "metadata": {},
   "outputs": [
    {
     "data": {
      "text/html": [
       "<div>\n",
       "<style scoped>\n",
       "    .dataframe tbody tr th:only-of-type {\n",
       "        vertical-align: middle;\n",
       "    }\n",
       "\n",
       "    .dataframe tbody tr th {\n",
       "        vertical-align: top;\n",
       "    }\n",
       "\n",
       "    .dataframe thead th {\n",
       "        text-align: right;\n",
       "    }\n",
       "</style>\n",
       "<table border=\"1\" class=\"dataframe\">\n",
       "  <thead>\n",
       "    <tr style=\"text-align: right;\">\n",
       "      <th></th>\n",
       "      <th>PassengerId</th>\n",
       "      <th>Survived</th>\n",
       "      <th>Pclass</th>\n",
       "      <th>Age</th>\n",
       "      <th>SibSp</th>\n",
       "      <th>Parch</th>\n",
       "      <th>Fare</th>\n",
       "    </tr>\n",
       "  </thead>\n",
       "  <tbody>\n",
       "    <tr>\n",
       "      <th>PassengerId</th>\n",
       "      <td>1.000000</td>\n",
       "      <td>-0.005007</td>\n",
       "      <td>-0.035144</td>\n",
       "      <td>0.036847</td>\n",
       "      <td>-0.057527</td>\n",
       "      <td>-0.001652</td>\n",
       "      <td>0.012658</td>\n",
       "    </tr>\n",
       "    <tr>\n",
       "      <th>Survived</th>\n",
       "      <td>-0.005007</td>\n",
       "      <td>1.000000</td>\n",
       "      <td>-0.338481</td>\n",
       "      <td>-0.077221</td>\n",
       "      <td>-0.035322</td>\n",
       "      <td>0.081629</td>\n",
       "      <td>0.257307</td>\n",
       "    </tr>\n",
       "    <tr>\n",
       "      <th>Pclass</th>\n",
       "      <td>-0.035144</td>\n",
       "      <td>-0.338481</td>\n",
       "      <td>1.000000</td>\n",
       "      <td>-0.369226</td>\n",
       "      <td>0.083081</td>\n",
       "      <td>0.018443</td>\n",
       "      <td>-0.549500</td>\n",
       "    </tr>\n",
       "    <tr>\n",
       "      <th>Age</th>\n",
       "      <td>0.036847</td>\n",
       "      <td>-0.077221</td>\n",
       "      <td>-0.369226</td>\n",
       "      <td>1.000000</td>\n",
       "      <td>-0.308247</td>\n",
       "      <td>-0.189119</td>\n",
       "      <td>0.096067</td>\n",
       "    </tr>\n",
       "    <tr>\n",
       "      <th>SibSp</th>\n",
       "      <td>-0.057527</td>\n",
       "      <td>-0.035322</td>\n",
       "      <td>0.083081</td>\n",
       "      <td>-0.308247</td>\n",
       "      <td>1.000000</td>\n",
       "      <td>0.414838</td>\n",
       "      <td>0.159651</td>\n",
       "    </tr>\n",
       "    <tr>\n",
       "      <th>Parch</th>\n",
       "      <td>-0.001652</td>\n",
       "      <td>0.081629</td>\n",
       "      <td>0.018443</td>\n",
       "      <td>-0.189119</td>\n",
       "      <td>0.414838</td>\n",
       "      <td>1.000000</td>\n",
       "      <td>0.216225</td>\n",
       "    </tr>\n",
       "    <tr>\n",
       "      <th>Fare</th>\n",
       "      <td>0.012658</td>\n",
       "      <td>0.257307</td>\n",
       "      <td>-0.549500</td>\n",
       "      <td>0.096067</td>\n",
       "      <td>0.159651</td>\n",
       "      <td>0.216225</td>\n",
       "      <td>1.000000</td>\n",
       "    </tr>\n",
       "  </tbody>\n",
       "</table>\n",
       "</div>"
      ],
      "text/plain": [
       "             PassengerId  Survived    Pclass       Age     SibSp     Parch  \\\n",
       "PassengerId     1.000000 -0.005007 -0.035144  0.036847 -0.057527 -0.001652   \n",
       "Survived       -0.005007  1.000000 -0.338481 -0.077221 -0.035322  0.081629   \n",
       "Pclass         -0.035144 -0.338481  1.000000 -0.369226  0.083081  0.018443   \n",
       "Age             0.036847 -0.077221 -0.369226  1.000000 -0.308247 -0.189119   \n",
       "SibSp          -0.057527 -0.035322  0.083081 -0.308247  1.000000  0.414838   \n",
       "Parch          -0.001652  0.081629  0.018443 -0.189119  0.414838  1.000000   \n",
       "Fare            0.012658  0.257307 -0.549500  0.096067  0.159651  0.216225   \n",
       "\n",
       "                 Fare  \n",
       "PassengerId  0.012658  \n",
       "Survived     0.257307  \n",
       "Pclass      -0.549500  \n",
       "Age          0.096067  \n",
       "SibSp        0.159651  \n",
       "Parch        0.216225  \n",
       "Fare         1.000000  "
      ]
     },
     "execution_count": 4,
     "metadata": {},
     "output_type": "execute_result"
    }
   ],
   "source": [
    "# 计算相关系数矩阵\n",
    "df.corr()"
   ]
  },
  {
   "cell_type": "code",
   "execution_count": 5,
   "metadata": {},
   "outputs": [
    {
     "data": {
      "text/plain": [
       "0.42      1\n",
       "23.50     1\n",
       "66.00     1\n",
       "70.50     1\n",
       "55.50     1\n",
       "         ..\n",
       "30.00    25\n",
       "19.00    25\n",
       "18.00    26\n",
       "22.00    27\n",
       "24.00    30\n",
       "Name: Age, Length: 88, dtype: int64"
      ]
     },
     "execution_count": 5,
     "metadata": {},
     "output_type": "execute_result"
    }
   ],
   "source": [
    "# 数据统计\n",
    "df['Age'].value_counts(ascending = True)"
   ]
  },
  {
   "cell_type": "code",
   "execution_count": 7,
   "metadata": {
    "scrolled": true
   },
   "outputs": [
    {
     "data": {
      "text/plain": [
       "(16.336, 32.252]    346\n",
       "(32.252, 48.168]    188\n",
       "(0.339, 16.336]     100\n",
       "(48.168, 64.084]     69\n",
       "(64.084, 80.0]       11\n",
       "Name: Age, dtype: int64"
      ]
     },
     "execution_count": 7,
     "metadata": {},
     "output_type": "execute_result"
    }
   ],
   "source": [
    "df['Age'].value_counts(ascending = False, bins = 5)"
   ]
  }
 ],
 "metadata": {
  "kernelspec": {
   "display_name": "Python 3",
   "language": "python",
   "name": "python3"
  },
  "language_info": {
   "codemirror_mode": {
    "name": "ipython",
    "version": 3
   },
   "file_extension": ".py",
   "mimetype": "text/x-python",
   "name": "python",
   "nbconvert_exporter": "python",
   "pygments_lexer": "ipython3",
   "version": "3.8.5"
  }
 },
 "nbformat": 4,
 "nbformat_minor": 4
}
